0.0
0.0
0.0
0.0
0.0
0.0
0.0
0.0
-0.0483108005005036
-0.140293588061159
-0.245246742149113
-0.406628620258187
-0.619464705343791
-0.766624958037049
-0.800683614612262
-0.752861110263375
-0.601519821771905
-0.337565233314005
0.0
0.337565233314005
0.601519821771905
0.752861110263375
0.800683614612262
0.766624958037049
0.663960692159795
0.54216132084109
0.490462965788751
0.56114383373516
0.721060823389386
0.876522110660115
0.93893246253853
0.867122409741508
0.663869136631367
0.359324930570391
0.0
-0.359324930570391
-0.663960692159795
-0.86748863185522
-0.938962981048006
-0.86748863185522
-0.663960692159795
-0.359324930570391
0.0
0.359324930570391
0.663960692159795
0.86748863185522
0.938962981048006
0.86748863185522
0.663960692159795
0.359324930570391
0.0
-0.359324930570391
-0.663869136631367
-0.867122409741508
-0.93893246253853
-0.876522110660115
-0.721060823389386
-0.56114383373516
-0.490462965788751
-0.54216132084109
-0.663960692159795
-0.766624958037049
-0.800683614612262
-0.752830591753899
-0.601428266243477
-0.336710715048677
0.0054322946867275
0.360179448835719
0.664021729178747
0.86748863185522
0.938962981048006
0.86748863185522
0.664021729178747
0.360179448835719
0.0054322946867275
-0.336680196539201
-0.601428266243477
-0.752830591753899
-0.800683614612262
-0.766624958037049
-0.663960692159795
-0.54216132084109
-0.490462965788751
-0.56114383373516
-0.721060823389386
-0.876522110660115
-0.93893246253853
-0.867122409741508
-0.663960692159795
-0.360179448835719
-0.0054322946867275
0.336680196539201
0.601336710715049
0.752281258583331
0.797814874721519
0.752281258583331
0.601428266243477
0.337565233314005
0.0
-0.337565233314005
-0.601428266243477
-0.752281258583331
-0.797814874721519
-0.752281258583331
-0.601336710715049
-0.336680196539201
0.0054322946867275
0.360179448835719
0.664021729178747
0.86748863185522
0.938962981048006
0.86748863185522
0.664021729178747
0.360179448835719
0.0054322946867275
-0.336680196539201
-0.601428266243477
-0.752830591753899
-0.800683614612262
-0.766624958037049
-0.663960692159795
-0.54216132084109
-0.490462965788751
-0.56114383373516
-0.720969267860958
-0.876186407055879
-0.938962981048006
-0.876186407055879
-0.721060823389386
-0.561876277962584
-0.495101779229102
-0.56190679647206
-0.721121860408338
-0.876522110660115
-0.93893246253853
-0.867122409741508
-0.663960692159795
-0.360179448835719
-0.0054322946867275
0.336680196539201
0.601336710715049
0.752281258583331
0.797814874721519
0.752281258583331
0.601428266243477
0.337565233314005
0.0
-0.337565233314005
-0.601519821771905
-0.752861110263375
-0.800683614612262
-0.766594439527573
-0.663869136631367
-0.54139835810419
-0.485824152348399
-0.541428876613666
-0.663960692159795
-0.767143772698141
-0.80352183599353
-0.767143772698141
-0.663960692159795
-0.541428876613666
-0.485824152348399
-0.541428876613666
-0.663960692159795
-0.767143772698141
-0.80352183599353
-0.767143772698141
-0.663960692159795
-0.541428876613666
-0.485824152348399
-0.54139835810419
-0.663869136631367
-0.766594439527573
-0.800683614612262
-0.752861110263375
-0.601519821771905
-0.337565233314005
0.0
0.337565233314005
0.601428266243477
0.752281258583331
0.797814874721519
0.752281258583331
0.601336710715049
0.336680196539201
-0.0054322946867275
-0.360179448835719
-0.664021729178747
-0.86748863185522
-0.938962981048006
-0.86748863185522
-0.664021729178747
-0.360179448835719
-0.0054322946867275
0.336680196539201
0.601336710715049
0.752281258583331
0.797814874721519
0.752281258583331
0.601428266243477
0.337565233314005
0.0
-0.337565233314005
-0.601519821771905
-0.752861110263375
-0.800683614612262
-0.766624958037049
-0.663960692159795
-0.54216132084109
-0.490462965788751
-0.56114383373516
-0.721060823389386
-0.876522110660115
-0.93893246253853
-0.867122409741508
-0.663869136631367
-0.359324930570391
0.0
0.359324930570391
0.663869136631367
0.867122409741508
0.93893246253853
0.876522110660115
0.721060823389386
0.56114383373516
0.490462965788751
0.542191839350566
0.664021729178747
0.767143772698141
0.80352183599353
0.767143772698141
0.664021729178747
0.542191839350566
0.490462965788751
0.56114383373516
0.720969267860958
0.876186407055879
0.938962981048006
0.876186407055879
0.721060823389386
0.561876277962584
0.495101779229102
0.56190679647206
0.721121860408338
0.876522110660115
0.93893246253853
0.867122409741508
0.663960692159795
0.360179448835719
0.0054322946867275
-0.336680196539201
-0.601336710715049
-0.752281258583331
-0.797814874721519
-0.752281258583331
-0.601428266243477
-0.337565233314005
0.0
0.337565233314005
0.601428266243477
0.752281258583331
0.797814874721519
0.752281258583331
0.601428266243477
0.337565233314005
0.0
-0.337565233314005
-0.601519821771905
-0.752861110263375
-0.800683614612262
-0.766624958037049
-0.663960692159795
-0.54216132084109
-0.490462965788751
-0.56114383373516
-0.721060823389386
-0.876522110660115
-0.93893246253853
-0.867122409741508
-0.663960692159795
-0.360179448835719
-0.0054322946867275
0.336680196539201
0.601336710715049
0.752281258583331
0.797814874721519
0.752281258583331
0.601428266243477
0.337565233314005
0.0
-0.337565233314005
-0.601519821771905
-0.752830591753899
-0.800683614612262
-0.766624958037049
-0.663960692159795
-0.54216132084109
-0.490462965788751
-0.56114383373516
-0.721060823389386
-0.876522110660115
-0.93893246253853
-0.867122409741508
-0.663960692159795
-0.360179448835719
-0.0054322946867275
0.336680196539201
0.601336710715049
0.752281258583331
0.797814874721519
0.752281258583331
0.601428266243477
0.337565233314005
0.0
-0.337565233314005
-0.601428266243477
-0.752281258583331
-0.797814874721519
-0.752281258583331
-0.601428266243477
-0.337565233314005
0.0
0.337565233314005
0.601428266243477
0.752281258583331
0.797814874721519
0.752281258583331
0.601428266243477
0.337565233314005
0.0
-0.337565233314005
-0.601519821771905
-0.752861110263375
-0.800683614612262
-0.766624958037049
-0.663960692159795
-0.54216132084109
-0.490462965788751
-0.56114383373516
-0.721060823389386
-0.876522110660115
-0.93893246253853
-0.867122409741508
-0.663960692159795
-0.360179448835719
-0.0054322946867275
0.336680196539201
0.601336710715049
0.752281258583331
0.797814874721519
0.752281258583331
0.601428266243477
0.337565233314005
0.0
-0.337565233314005
-0.601428266243477
-0.752281258583331
-0.797814874721519
-0.752281258583331
-0.601336710715049
-0.336680196539201
0.0054322946867275
0.360179448835719
0.664021729178747
0.86748863185522
0.938962981048006
0.86748863185522
0.663960692159795
0.359324930570391
0.0
-0.359324930570391
-0.663869136631367
-0.867122409741508
-0.93893246253853
-0.876522110660115
-0.721121860408338
-0.56190679647206
-0.495101779229102
-0.561876277962584
-0.721060823389386
-0.876186407055879
-0.938962981048006
-0.876186407055879
-0.720969267860958
-0.56114383373516
-0.490462965788751
-0.54216132084109
-0.663960692159795
-0.766624958037049
-0.800683614612262
-0.752830591753899
-0.601428266243477
-0.336710715048677
0.0054322946867275
0.360179448835719
0.663960692159795
0.867122409741508
0.93893246253853
0.876522110660115
0.721060823389386
0.56114383373516
0.490462965788751
0.542191839350566
0.664021729178747
0.767143772698141
0.80352183599353
0.767143772698141
0.663960692159795
0.541428876613666
0.485824152348399
0.541428876613666
0.663869136631367
0.766594439527573
0.800683614612262
0.752830591753899
0.601428266243477
0.336710715048677
-0.0054322946867275
-0.360179448835719
-0.664021729178747
-0.86748863185522
-0.938962981048006
-0.86748863185522
-0.664021729178747
-0.360179448835719
-0.0054322946867275
0.336710715048677
0.601428266243477
0.752830591753899
0.800683614612262
0.766594439527573
0.663869136631367
0.541428876613666
0.485824152348399
0.541428876613666
0.663960692159795
0.767143772698141
0.80352183599353
0.767143772698141
0.663960692159795
0.541428876613666
0.485824152348399
0.541428876613666
0.663869136631367
0.766594439527573
0.800683614612262
0.752830591753899
0.601519821771905
0.337565233314005
0.0
-0.337565233314005
-0.601519821771905
-0.752861110263375
-0.800683614612262
-0.766594439527573
-0.663869136631367
-0.541428876613666
-0.485824152348399
-0.541428876613666
-0.663869136631367
-0.766594439527573
-0.800683614612262
-0.752861110263375
-0.601519821771905
-0.337565233314005
0.0
0.337565233314005
0.601428266243477
0.752281258583331
0.797814874721519
0.752281258583331
0.601336710715049
0.336680196539201
-0.0054628131962035
-0.360179448835719
-0.664021729178747
-0.86748863185522
-0.938962981048006
-0.86748863185522
-0.663960692159795
-0.359324930570391
0.0
0.359324930570391
0.663960692159795
0.86748863185522
0.938962981048006
0.86748863185522
0.664021729178747
0.360179448835719
0.0054322946867275
-0.336710715048677
-0.601428266243477
-0.752830591753899
-0.800683614612262
-0.766624958037049
-0.663960692159795
-0.542191839350566
-0.490462965788751
-0.56114383373516
-0.720969267860958
-0.876186407055879
-0.938962981048006
-0.876186407055879
-0.721060823389386
-0.561876277962584
-0.495101779229102
-0.561876277962584
-0.721060823389386
-0.876186407055879
-0.938962981048006
-0.876186407055879
-0.720969267860958
-0.56114383373516
-0.490462965788751
-0.54216132084109
-0.663960692159795
-0.766624958037049
-0.800683614612262
-0.752861110263375
-0.601519821771905
-0.337565233314005
0.0
0.337565233314005
0.601519821771905
0.752861110263375
0.800683614612262
0.766624958037049
0.663960692159795
0.54216132084109
0.490462965788751
0.56114383373516
0.720969267860958
0.876186407055879
0.938962981048006
0.876186407055879
0.720969267860958
0.56114383373516
0.490462965788751
0.542191839350566
0.664021729178747
0.767143772698141
0.80352183599353
0.767143772698141
0.664021729178747
0.542191839350566
0.490462965788751
0.56114383373516
0.720969267860958
0.876186407055879
0.938962981048006
0.876186407055879
0.720969267860958
0.56114383373516
0.490462965788751
0.54216132084109
0.663960692159795
0.766624958037049
0.800683614612262
0.752830591753899
0.601428266243477
0.336710715048677
-0.0054322946867275
-0.360179448835719
-0.664021729178747
-0.86748863185522
-0.938962981048006
-0.86748863185522
-0.663960692159795
-0.359324930570391
0.0
0.359324930570391
0.663960692159795
0.86748863185522
0.938962981048006
0.86748863185522
0.664021729178747
0.360179448835719
0.0054322946867275
-0.336680196539201
-0.601336710715049
-0.752281258583331
-0.797814874721519
-0.752281258583331
-0.601428266243477
-0.337565233314005
0.0
0.337565233314005
0.601519821771905
0.752861110263375
0.800683614612262
0.766624958037049
0.663960692159795
0.54216132084109
0.490462965788751
0.56114383373516
0.720969267860958
0.876186407055879
0.938962981048006
0.876186407055879
0.720969267860958
0.56114383373516
0.490462965788751
0.542191839350566
0.663960692159795
0.766624958037049
0.800683614612262
0.752830591753899
0.601428266243477
0.336710715048677
-0.0054322946867275
-0.360179448835719
-0.664021729178747
-0.86748863185522
-0.938962981048006
-0.86748863185522
-0.663960692159795
-0.359324930570391
0.0
0.359324930570391
0.663960692159795
0.86748863185522
0.938962981048006
0.86748863185522
0.663960692159795
0.359324930570391
0.0
-0.359324930570391
-0.663930173650319
-0.867427594836268
-0.938962981048006
-0.869563890499588
-0.680959501937925
-0.436017944883572
-0.230323191015351
-0.146732993560594
-0.207525864436781
-0.359324930570391
-0.500778221991638
-0.552049317911313
-0.480819116794336
-0.279824213385418
0.0234382152775658
0.359324930570391
0.647175511947997
0.8316599017304
0.910275582140568
0.927426984466079
0.915738395336772
0.86748863185522
0.794274727622303
0.759544663838618
0.806543168431654
0.896328623310037
0.938657795953246
0.865382854701376
0.663289284951323
0.359202856532487
0.0
-0.359324930570391
-0.663960692159795
-0.86748863185522
-0.938962981048006
-0.86748863185522
-0.663960692159795
-0.359324930570391
0.0
0.359324930570391
0.663960692159795
0.86748863185522
0.938962981048006
0.86748863185522
0.663960692159795
0.359324930570391
0.0
-0.359324930570391
-0.663930173650319
-0.867427594836268
-0.938962981048006
-0.869563890499588
-0.680959501937925
-0.436017944883572
-0.230323191015351
-0.146732993560594
-0.207525864436781
-0.359324930570391
-0.500778221991638
-0.552049317911313
-0.48078859828486
-0.27973265785699
0.0243537705618458
0.364360484633931
0.664601580858791
0.867549668874172
0.938962981048006
0.86748863185522
0.663960692159795
0.359447004608295
0.000946073793755913
-0.354289376506851
-0.646504104739525
-0.831598864711448
-0.910275582140568
-0.927426984466079
-0.915738395336772
-0.86748863185522
-0.794274727622303
-0.759544663838618
-0.806543168431654
-0.896328623310037
-0.938657795953246
-0.865382854701376
-0.663289284951323
-0.359324930570391
-0.000915555284279916
0.354289376506851
0.646504104739525
0.831537827692496
0.91003143406476
0.926572466200751
0.910061952574236
0.831598864711448
0.647175511947997
0.359324930570391
0.0234382152775658
-0.279702139347514
-0.479995117038484
-0.547624134037294
-0.479995117038484
-0.279610583819086
0.0243842890713218
0.364360484633931
0.664601580858791
0.867549668874172
0.938962981048006
0.86748863185522
0.663960692159795
0.359447004608295
0.000946073793755913
-0.354289376506851
-0.646504104739525
-0.831598864711448
-0.910275582140568
-0.927426984466079
-0.915738395336772
-0.86748863185522
-0.794274727622303
-0.759544663838618
-0.806512649922178
-0.896298104800561
-0.938657795953246
-0.86748863185522
-0.680318613238929
-0.436017944883572
-0.231238746299631
-0.15210425122837
-0.231238746299631
-0.436109500412
-0.680959501937925
-0.869563890499588
-0.938962981048006
-0.86748863185522
-0.664601580858791
-0.364360484633931
-0.0243842890713218
0.279610583819086
0.479995117038484
0.547624134037294
0.479995117038484
0.27973265785699
-0.0234382152775658
-0.359324930570391
-0.647175511947997
-0.8316599017304
-0.910275582140568
-0.927426984466079
-0.915738395336772
-0.867427594836268
-0.793786431470687
-0.756340220343638
-0.793786431470687
-0.86748863185522
-0.915952024903104
-0.928250984221931
-0.915952024903104
-0.86748863185522
-0.793786431470687
-0.756340220343638
-0.793786431470687
-0.86748863185522
-0.915952024903104
-0.928250984221931
-0.915952024903104
-0.86748863185522
-0.793786431470687
-0.756340220343638
-0.793786431470687
-0.867458113345744
-0.915738395336772
-0.927426984466079
-0.910275582140568
-0.8316599017304
-0.647175511947997
-0.359324930570391
-0.0234382152775658
0.279702139347514
0.479995117038484
0.547624134037294
0.479995117038484
0.279610583819086
-0.0243842890713218
-0.364360484633931
-0.664601580858791
-0.867519150364696
-0.938962981048006
-0.86748863185522
-0.663960692159795
-0.359447004608295
-0.000946073793755913
0.354289376506851
0.646504104739525
0.831537827692496
0.91003143406476
0.926572466200751
0.91003143406476
0.831598864711448
0.647175511947997
0.359324930570391
0.0234382152775658
-0.279824213385418
-0.48078859828486
-0.552049317911313
-0.500778221991638
-0.359324930570391
-0.207525864436781
-0.146732993560594
-0.230323191015351
-0.436017944883572
-0.680959501937925
-0.869563890499588
-0.938962981048006
-0.867458113345744
-0.663930173650319
-0.359324930570391
0.0
0.359202856532487
0.663289284951323
0.865382854701376
0.938657795953246
0.896328623310037
0.806543168431654
0.759544663838618
0.794274727622303
0.867549668874172
0.915952024903104
0.928250984221931
0.915952024903104
0.867549668874172
0.794274727622303
0.759544663838618
0.806512649922178
0.896298104800561
0.938657795953246
0.86748863185522
0.680318613238929
0.436017944883572
0.231238746299631
0.15210425122837
0.231238746299631
0.436109500412
0.680959501937925
0.869563890499588
0.938962981048006
0.86748863185522
0.664601580858791
0.364360484633931
0.0243842890713218
-0.279610583819086
-0.479995117038484
-0.547624134037294
-0.479995117038484
-0.279702139347514
0.0234382152775658
0.359324930570391
0.647175511947997
0.831598864711448
0.910061952574236
0.926572466200751
0.910061952574236
0.831598864711448
0.647175511947997
0.359324930570391
0.0234382152775658
-0.279824213385418
-0.48078859828486
-0.552049317911313
-0.500778221991638
-0.359324930570391
-0.207525864436781
-0.146732993560594
-0.230323191015351
-0.436017944883572
-0.680959501937925
-0.869563890499588
-0.938962981048006
-0.86748863185522
-0.664601580858791
-0.364360484633931
-0.0243537705618458
0.279610583819086
0.479995117038484
0.547624134037294
0.479995117038484
0.27973265785699
-0.0234382152775658
-0.359324930570391
-0.647175511947997
-0.8316599017304
-0.910275582140568
-0.927426984466079
-0.915738395336772
-0.86748863185522
-0.794274727622303
-0.759544663838618
-0.806543168431654
-0.896328623310037
-0.938657795953246
-0.865382854701376
-0.663289284951323
-0.359324930570391
-0.000915555284279916
0.354289376506851
0.646504104739525
0.831537827692496
0.91003143406476
0.926572466200751
0.910061952574236
0.831598864711448
0.647175511947997
0.359324930570391
0.0234382152775658
-0.279702139347514
-0.479995117038484
-0.547624134037294
-0.479995117038484
-0.279702139347514
0.0234382152775658
0.359324930570391
0.647175511947997
0.831598864711448
0.910061952574236
0.926572466200751
0.910061952574236
0.831598864711448
0.647175511947997
0.359324930570391
0.0234382152775658
-0.279824213385418
-0.48078859828486
-0.552049317911313
-0.500778221991638
-0.359324930570391
-0.207525864436781
-0.146732993560594
-0.230323191015351
-0.436017944883572
-0.680959501937925
-0.869563890499588
-0.938962981048006
-0.86748863185522
-0.664601580858791
-0.364360484633931
-0.0243537705618458
0.279610583819086
0.479995117038484
0.547624134037294
0.479995117038484
0.27973265785699
-0.0234382152775658
-0.359324930570391
-0.647175511947997
-0.831598864711448
-0.91003143406476
-0.926572466200751
-0.91003143406476
-0.831537827692496
-0.646504104739525
-0.354289376506851
0.000946073793755913
0.359447004608295
0.663960692159795
0.86748863185522
0.938962981048006
0.86748863185522
0.663960692159795
0.359324930570391
0.0
-0.359202856532487
-0.663289284951323
-0.865382854701376
-0.938657795953246
-0.896359141819513
-0.807000946073794
-0.762718588824122
-0.807000946073794
-0.896328623310037
-0.938657795953246
-0.86748863185522
-0.680318613238929
-0.435895870845668
-0.230323191015351
-0.146732993560594
-0.207525864436781
-0.359324930570391
-0.500778221991638
-0.552049317911313
-0.48078859828486
-0.27973265785699
0.0243537705618458
0.364360484633931
0.664601580858791
0.86748863185522
0.938962981048006
0.869563890499588
0.680959501937925
0.436017944883572
0.230323191015351
0.146732993560594
0.207556382946257
0.359447004608295
0.501571703238014
0.556443983275857
0.501571703238014
0.359324930570391
0.206640827661977
0.141331217383343
0.206640827661977
0.359202856532487
0.500778221991638
0.552049317911313
0.48078859828486
0.27973265785699
-0.0243537705618458
-0.364360484633931
-0.664601580858791
-0.867549668874172
-0.938962981048006
-0.86748863185522
-0.663960692159795
-0.359447004608295
-0.000915555284279916
0.354289376506851
0.646504104739525
0.831598864711448
0.910275582140568
0.927426984466079
0.915738395336772
0.867458113345744
0.793786431470687
0.756340220343638
0.793786431470687
0.86748863185522
0.915952024903104
0.928250984221931
0.915952024903104
0.86748863185522
0.793786431470687
0.756340220343638
0.793786431470687
0.867427594836268
0.915738395336772
0.927426984466079
0.910275582140568
0.8316599017304
0.647175511947997
0.359324930570391
0.0234382152775658
-0.279824213385418
-0.48078859828486
-0.552049317911313
-0.500778221991638
-0.359202856532487
-0.206610309152501
-0.141331217383343
-0.206610309152501
-0.359202856532487
-0.500778221991638
-0.552049317911313
-0.480819116794336
-0.279824213385418
0.0234382152775658
0.359324930570391
0.647175511947997
0.831598864711448
0.910061952574236
0.926572466200751
0.91003143406476
0.831537827692496
0.646504104739525
0.354289376506851
-0.000946073793755913
-0.359447004608295
-0.663960692159795
-0.86748863185522
-0.938962981048006
-0.86748863185522
-0.663960692159795
-0.359324930570391
0.0
0.359324930570391
0.663960692159795
0.86748863185522
0.938962981048006
0.867549668874172
0.664601580858791
0.364360484633931
0.0243537705618458
-0.27973265785699
-0.48078859828486
-0.552049317911313
-0.500778221991638
-0.359324930570391
-0.207525864436781
-0.146732993560594
-0.230323191015351
-0.435895870845668
-0.680318613238929
-0.86748863185522
-0.938657795953246
-0.896328623310037
-0.807000946073794
-0.762718588824122
-0.807000946073794
-0.896328623310037
-0.938657795953246
-0.86748863185522
-0.680318613238929
-0.435895870845668
-0.230323191015351
-0.146732993560594
-0.207525864436781
-0.359324930570391
-0.500778221991638
-0.552049317911313
-0.48078859828486
-0.279824213385418
0.0234382152775658
0.359324930570391
0.647175511947997
0.8316599017304
0.910275582140568
0.927426984466079
0.915738395336772
0.86748863185522
0.794274727622303
0.759544663838618
0.806512649922178
0.896298104800561
0.938657795953246
0.86748863185522
0.680318613238929
0.435895870845668
0.230323191015351
0.146732993560594
0.207556382946257
0.359447004608295
0.501571703238014
0.556443983275857
0.501571703238014
0.359447004608295
0.207556382946257
0.146732993560594
0.230323191015351
0.435895870845668
0.680318613238929
0.86748863185522
0.938657795953246
0.896298104800561
0.806512649922178
0.759544663838618
0.794274727622303
0.86748863185522
0.915738395336772
0.927426984466079
0.910275582140568
0.831598864711448
0.646504104739525
0.354289376506851
-0.000946073793755913
-0.359447004608295
-0.663960692159795
-0.86748863185522
-0.938962981048006
-0.86748863185522
-0.663930173650319
-0.359324930570391
0.0
0.359324930570391
0.663960692159795
0.86748863185522
0.938962981048006
0.867549668874172
0.664601580858791
0.364360484633931
0.0243842890713218
-0.279610583819086
-0.479995117038484
-0.547624134037294
-0.479995117038484
-0.27973265785699
0.0234382152775658
0.359324930570391
0.647175511947997
0.8316599017304
0.910275582140568
0.927426984466079
0.915738395336772
0.86748863185522
0.794274727622303
0.759544663838618
0.806512649922178
0.896298104800561
0.938657795953246
0.86748863185522
0.680318613238929
0.435895870845668
0.230323191015351
0.146732993560594
0.207525864436781
0.359324930570391
0.467238380077517
0.414044618060854
0.24039429914243
0.0699179052095096
-0.00161748100222785
0.0
0.0
0.0
0.0
0.0
0.0
0.0
0.0
0.0
0.0
0.0
0.0
0.0
0.0
0.0
0.0
0.0
0.0
0.0
0.0
0.0
0.0
0.0
0.0
0.0
0.0
0.0
0.0
0.0
0.0
0.0
0.0
0.0
0.0
0.0
0.0
0.0
0.0
0.0
0.0
0.0
0.0
0.0
0.0
0.0
0.0
0.0
0.0
0.0
0.0
0.0
0.0
0.0
0.0
0.0
0.0
0.0
0.0
0.0
0.0
0.0
0.0
0.0
0.0
0.0
0.0
0.0
0.0
0.0
0.0
0.0
0.0
0.0
0.0
0.0
0.0
0.0
0.0
0.0
0.0
0.0
0.0
0.0
0.0
0.0
0.0
0.0
0.0
0.0
0.0
0.0
0.0
0.0
0.0
0.0
0.0
0.0
0.0
0.0
0.0
0.0
0.0
0.0
0.0
0.0
0.0
0.0
0.0
0.0
0.0
0.0
0.0
0.0
0.0
0.0
0.0
0.0
0.0
0.0
0.0
0.0
0.0
0.0
0.0
0.0
0.0
0.0
0.0
0.0
0.0
0.0
0.0
0.0
0.0
0.0
0.0
0.0
0.0
0.0
0.0
0.0
0.0
0.0
0.0
0.0
0.0
0.0
0.0
0.0
0.0
0.0
0.0
0.0
0.0
0.0
0.0
0.0
0.0
0.0
0.0
0.0
0.0
0.0
0.0
0.0
0.0
0.0
0.0
0.0
0.0
0.0
0.0
0.0
0.0
0.0
0.0
0.0
0.0
0.0
0.0
0.0
0.0
0.0
0.0
0.0
0.0
0.0
0.0
0.0
0.0
0.0
0.0
0.0
0.0
0.0
0.0
0.0
0.0
0.0
0.0
0.0
0.0
0.0
0.0
0.0
0.0
0.0
0.0
0.0
0.0
0.0
0.0
0.0
0.0
0.0
0.0
0.0
0.0
0.0
0.0
0.0
0.0
0.0
0.0
0.0
0.0
0.0
0.0
0.0
0.0
0.0
0.0
0.0
0.0
0.0
0.0
0.0
0.0
0.0
0.0
0.0
0.0
0.0
0.0
0.0
0.0
0.0
0.0
0.0
0.0
0.0
0.0
0.0
0.0
0.0
0.0
0.0
0.0
0.0
0.0
0.0
0.0
0.0
0.0
0.0
0.0
0.0
0.0
0.0
0.0
0.0
0.0
0.0
0.0
0.0
0.0
0.0
0.0
0.0
0.0
0.0
0.0
0.0
0.0
0.0
0.0
0.0
0.0
0.0
0.0
0.0
0.0
0.0
0.0
0.0
0.0
0.0
0.0
0.0
0.0
0.0
0.0
0.0
0.0
0.0
0.0
0.0
0.0
0.0
0.0
0.0
0.0
0.0
0.0
0.0
0.0
0.0
0.0
0.0
0.0
0.0
0.0
0.0
0.0
0.0
0.0
0.0
0.0
0.0
0.0
0.0
0.0
0.0
0.0
0.0
0.0
0.0
0.0
0.0
0.0
0.0
0.0
0.0
0.0
0.0
0.0
0.0
0.0
0.0
0.0
0.0
0.0
0.0
0.0
0.0
0.0
0.0
0.0
0.0
0.0
0.0
0.0
0.0
0.0
0.0
0.0
0.0
0.0
0.0
0.0
0.0
0.0
0.0
0.0
0.0
0.0
0.0
0.0
0.0
0.0
0.0
0.0
0.0
0.0
0.0
0.0
0.0
0.0
0.0
0.0
0.0
0.0
0.0
0.0
0.0
0.0
0.0
0.0
0.0
0.0
0.0
0.0
0.0
0.0
0.0
0.0
0.0
0.0
0.0
0.0
0.0
0.0
0.0
0.0
0.0
0.0
0.0
0.0
0.0
0.0
0.0
0.0
0.0
0.0
0.0
0.0
0.0
0.0
0.0
0.0
0.0
0.0
0.0
0.0
0.0
0.0
0.0
0.0
0.0
0.0
0.0
0.0
0.0
0.0
0.0
0.0
0.0
0.0
0.0
0.0
0.0
0.0
0.0
0.0
0.0
0.0
0.0
0.0
0.0
0.0
0.0
0.0
0.0
0.0
0.0
0.0
0.0
0.0
0.0
0.0
0.0
0.0
0.0
0.0
0.0
0.0
0.0
0.0
0.0
0.0
0.0
0.0
0.0
0.0
0.0
0.0
0.0
0.0
0.0
0.0
0.0
0.0
0.0
0.0
0.0
0.0
0.0
0.0
0.0
0.0
0.0
0.0
0.0
0.0
0.0
0.0
0.0
0.0
0.0
0.0
0.0
0.0
0.0
0.0
0.0
0.0
0.0
0.0
0.0
0.0
0.0
0.0
0.0
0.0
0.0
0.0
0.0
0.0
0.0
0.0
0.0
0.0
0.0
0.0
0.0
0.0
0.0
0.0
0.0
0.0
0.0
0.0
0.0
0.0
0.0
0.0
0.0
0.0
0.0
0.0
0.0
0.0
0.0
0.0
0.0
0.0
0.0
0.0
0.0
0.0
0.0
0.0
0.0
0.0
0.0
0.0
0.0
0.0
0.0
0.0
0.0
0.0
0.0
0.0
0.0
0.0
0.0
0.0
0.0
0.0
0.0
0.0
0.0
0.0
0.0
0.0
0.0
0.0
0.0
0.0
0.0
0.0
0.0
0.0
0.0
0.0
0.0
0.0
0.0
0.0
0.0
0.0
0.0
0.0
0.0
0.0
0.0
0.0
0.0
0.0
0.0
0.0
0.0
0.0
0.0
0.0
0.0
0.0
0.0
0.0
0.0
0.0
0.0
0.0
0.0
0.0
0.0
0.0
0.0
0.0
0.0
0.0
0.0
0.0
0.0
0.0
0.0
0.0
0.0
0.0
0.0
0.0
0.0
0.0
0.0
0.0
0.0
0.0
0.0
0.0
0.0
0.0
0.0
0.0
0.0
0.0
0.0
0.0
0.0
0.0
0.0
0.0
0.0
0.0
0.0
0.0
0.0
0.0
0.0
0.0
0.0
0.0
0.0
0.0
0.0
0.0
0.0
0.0
0.0
0.0
0.0
0.0
0.0
0.0
0.0
0.0
0.0
0.0
0.0
0.0
0.0
0.0
0.0
0.0
0.0
0.0
0.0
0.0
0.0
0.0
0.0
0.0
0.0
0.0
0.0
0.0
0.0
0.0
0.0
0.0
0.0
0.0
0.0
0.0
0.0
0.0
0.0
0.0
0.0
0.0
0.0
0.0
0.0
0.0
0.0
0.0
0.0
0.0
0.0
0.0
0.0
0.0
0.0
0.0
0.0
0.0
0.0
0.0
0.0
0.0
0.0
0.0
0.0
0.0
0.0
0.0
0.0
0.0
0.0
0.0
0.0
0.0
0.0
0.0
0.0
0.0
0.0
0.0
0.0
0.0
0.0
0.0
0.0
0.0
0.0
0.0
0.0
0.0
0.0
0.0
0.0
0.0
0.0
0.0
0.0
0.0
0.0
0.0
0.0
0.0
0.0
0.0
0.0
0.0
0.0
0.0
0.0
0.0
0.0
0.0
0.0
0.0
0.0
0.0
0.0
0.0
0.0
0.0
0.0
0.0
0.0
0.0
0.0
0.0
0.0
0.0
0.0
0.0
0.0
0.0
0.0
0.0
0.0
0.0
0.0
0.0
0.0
0.0
0.0
0.0
0.0
0.0
0.0
0.0
0.0
0.0
0.0
0.0
0.0
0.0
0.0
0.0
0.0
0.0
0.0
0.0
0.0
0.0
0.0
0.0
0.0
0.0
0.0
0.0
0.0
0.0
0.0
0.0
0.0
0.0
0.0
0.0
0.0
0.0
0.0
0.0
0.0
0.0
0.0
0.0
0.0
0.0
0.0
0.0
0.0
0.0
0.0
0.0
0.0
0.0
0.0
0.0
0.0
0.0
0.0
0.0
0.0
0.0
0.0
0.0
0.0
0.0
0.0
0.0
0.0
0.0
0.0
0.0
0.0
0.0
0.0
0.0
0.0
0.0
0.0
0.0
0.0
0.0
0.0
0.0
0.0
0.0
0.0
0.0
0.0
0.0
0.0
0.0
0.0
0.0
0.0
0.0
0.0
0.0
0.0
0.0
0.0
0.0
0.0
0.0
0.0
0.0
0.0
0.0
0.0
0.0
0.0
0.0
0.0
0.0
0.0
0.0
0.0
0.0
0.0
0.0
0.0
0.0
0.0
0.0
0.0
0.0
0.0
0.0
0.0
0.0
0.0
0.0
0.0
0.0
0.0
0.0
0.0
0.0
0.0
0.0
0.0
0.0
0.0
0.0
0.0
0.0
0.0
0.0
0.0
0.0
0.0
0.0
0.0
0.0
0.0
0.0
0.0
0.0
0.0
0.0
0.0
0.0
0.0
0.0
0.0
0.0
0.0
0.0
0.0
0.0
0.0
0.0
0.0
0.0
0.0
0.0
0.0
0.0
0.0
0.0
0.0
0.0
0.0
0.0
0.0
0.0
0.0
0.0
0.0
0.0
0.0
0.0
0.0
0.0
0.0
0.0
0.0
0.0
0.0
0.0
0.0
0.0
0.0
0.0
0.0
0.0
0.0
0.0
0.0
0.0
0.0
0.0
0.0
0.0
0.0
0.0
0.0
0.0
0.0
0.0
0.0
0.0
0.0
0.0
0.0
0.0
0.0
0.0
0.0
0.0
0.0
0.0
0.0
0.0
0.0
0.0
0.0
0.0
0.0
0.0
0.0
0.0
0.0
0.0
0.0
0.0
0.0
0.0
0.0
0.0
0.0
0.0
0.0
0.0
0.0
0.0
0.0
0.0
0.0
0.0
0.0
0.0
0.0
0.0
0.0
0.0
0.0
0.0
0.0
0.0
0.0
0.0
0.0
0.0
0.0
0.0
0.0
0.0
0.0
0.0
0.0
0.0
0.0
0.0
0.0
0.0
0.0
0.0
0.0
0.0
0.0
0.0
0.0
0.0
0.0
0.0
0.0
0.0
0.0
0.0
0.0
0.0
0.0
0.0
0.0
0.0
0.0
0.0
0.0
0.0
0.0
0.0
0.0
0.0
0.0
0.0
0.0
0.0
0.0
0.0
0.0
0.0
0.0
0.0
0.0
0.0
0.0
0.0
0.0
0.0
0.0
0.0
0.0
0.0
0.0
0.0
0.0
0.0
0.0
0.0
0.0
0.0
0.0
0.0
0.0
0.0
0.0
0.0
0.0
0.0
0.0
0.0
0.0
0.0
0.0
0.0
0.0
0.0
0.0
0.0
0.0
0.0
0.0
0.0
0.0
0.0
0.0
0.0
0.0
0.0
0.0
0.0
0.0
0.0
0.0
0.0
0.0
0.0
0.0
0.0
0.0
0.0
0.0
0.0
0.0
0.0
0.0
0.0
0.0
0.0
0.0
0.0
0.0
0.0
0.0
0.0
0.0
0.0
0.0
0.0
0.0
0.0
0.0
0.0
0.0
0.0
0.0
0.0
0.0
0.0
0.0
0.0
0.0
0.0
0.0
0.0
0.0
0.0
0.0
0.0
0.0
0.0
0.0
0.0
0.0
0.0
0.0
0.0
0.0
0.0
0.0
0.0
0.0
0.0
0.0
0.0
0.0
0.0
0.0
0.0
0.0
0.0
0.0
0.0
0.0
0.0
0.0
0.0
0.0
0.0
0.0
0.0
0.0
0.0
0.0
0.0
0.0
0.0
0.0
0.0
0.0
0.0
0.0
0.0
0.0
0.0
0.0
0.0
0.0
0.0
0.0
0.0
0.0
0.0
0.0
0.0
0.0
0.0
0.0
0.0
0.0
0.0
0.0
0.0
0.0
0.0
0.0
0.0
0.0
0.0
0.0
0.0
0.0
0.0
0.0
0.0
0.0
0.0
0.0
0.0
0.0
0.0
0.0
0.0
0.0
0.0
0.0
0.0
0.0
0.0
0.0
0.0
0.0
0.0
0.0
0.0
0.0
0.0
0.0
0.0
0.0
0.0
0.0
0.0
0.0
0.0
0.0
0.0
0.0
0.0
0.0
0.0
0.0
0.0
0.0
0.0
0.0
0.0
0.0
0.0
0.0
0.0
0.0
0.0
0.0
0.0
0.0
0.0
0.0
0.0
0.0
0.0
0.0
0.0
0.0
0.0
0.0
0.0
0.0
0.0
0.0
0.0
0.0
0.0
0.0
0.0
0.0
0.0
0.0
0.0
0.0
0.0
0.0
0.0
0.0
0.0
0.0
0.0
0.0
0.0
0.0
0.0
0.0
0.0
0.0
0.0
0.0
0.0
0.0
0.0
0.0
0.0
0.0
0.0
0.0
0.0
0.0
0.0
0.0
0.0
0.0
0.0
0.0
0.0
0.0
0.0
0.0
0.0
0.0
0.0
0.0
0.0
0.0
0.0
0.0
0.0
0.0
0.0
0.0
0.0
0.0
0.0
0.0
0.0
0.0
0.0
0.0
0.0
0.0
0.0
0.0
0.0
0.0
0.0
0.0
0.0
0.0
0.0
0.0
0.0
0.0
0.0
0.0
0.0
0.0
0.0
0.0
0.0
0.0
0.0
0.0
0.0
0.0
0.0
0.0
0.0
0.0
0.0
0.0
0.0
0.0
0.0
0.0
0.0
0.0
0.0
0.0
0.0
0.0
0.0
0.0
0.0
0.0
0.0
0.0
0.0
0.0
0.0
0.0
0.0
0.0
0.0
0.0
0.0
0.0
0.0
0.0
0.0
0.0
0.0
0.0
0.0
0.0
0.0
0.0
0.0
0.0
0.0
0.0
0.0
0.0
0.0
0.0
0.0
0.0
0.0
0.0
0.0
0.0
0.0
0.0
0.0
0.0
0.0
0.0
0.0
0.0
0.0
0.0
0.0
0.0
0.0
0.0
0.0
0.0
0.0
0.0
0.0
0.0
0.0
0.0
0.0
0.0
0.0
0.0
0.0
0.0
0.0
0.0
0.0
0.0
0.0
0.0
0.0
0.0
0.0
0.0
0.0
0.0
0.0
0.0
0.0
0.0
0.0
0.0
0.0
0.0
0.0
0.0
0.0
0.0
0.0
0.0
0.0
0.0
0.0
0.0
0.0
0.0
0.0
0.0
0.0
0.0
0.0
0.0
0.0
0.0
0.0
0.0
0.0
0.0
0.0
0.0
0.0
0.0
0.0
0.0
0.0
0.0
0.0
0.0
0.0
0.0
0.0
0.0
0.0
0.0
0.0
0.0
0.0
0.0
0.0
0.0
0.0
0.0
0.0
0.0
0.0
0.0
0.0
0.0
0.0
0.0
0.0
0.0
0.0
0.0
0.0
0.0
0.0
0.0
0.0
0.0
0.0
0.0
0.0
0.0
0.0
0.0
0.0
0.0
0.0
0.0
0.0
0.0
0.0
0.0
0.0
0.0
0.0
0.0
0.0
0.0
0.0
0.0
0.0
0.0
0.0
0.0
0.0
0.0
0.0
0.0
0.0
0.0
0.0
0.0
0.0
0.0
0.0
0.0
0.0
0.0
0.0
0.0
0.0
0.0
0.0
0.0
0.0
0.0
0.0
0.0
0.0
0.0
0.0
0.0
0.0
0.0
0.0
0.0
0.0
0.0
0.0
0.0
0.0
0.0
0.0
0.0
0.0
0.0
0.0
0.0
0.0
0.0
0.0
0.0
0.0
0.0
0.0
0.0
0.0
0.0
0.0
0.0
0.0
0.0
0.0
0.0
0.0
0.0
0.0
0.0
0.0
0.0
0.0
0.0
0.0
0.0
0.0
0.0
0.0
0.0
0.0
0.0
0.0
0.0
0.0
0.0
0.0
0.0
0.0
0.0
0.0
0.0
0.0
0.0
0.0
0.0
0.0
0.0
0.0
0.0
0.0
0.0
0.0
0.0
0.0
0.0
0.0
0.0
0.0
0.0
0.0
0.0
0.0
0.0
0.0
0.0
0.0
0.0
0.0
0.0
0.0
0.0
0.0
0.0
0.0
0.0
0.0
0.0
0.0
0.0
0.0
0.0
0.0
0.0
0.0
0.0
0.0
0.0
0.0
0.0
0.0
0.0
0.0
0.0
0.0
0.0
0.0
0.0
0.0
0.0
0.0
0.0
0.0
0.0
0.0
0.0
0.0
0.0
0.0
0.0
0.0
0.0
0.0
0.0
0.0
0.0
0.0
0.0
0.0
0.0
0.0
0.0
0.0
0.0
0.0
0.0
0.0
0.0
0.0
0.0
0.0
0.0
0.0
0.0
0.0
0.0
0.0
0.0
0.0
0.0
0.0
0.0
0.0
0.0
0.0
0.0
0.0
0.0
0.0
0.0
0.0
0.0
0.0
0.0
0.0
0.0
0.0
0.0
0.0
0.0
0.0
0.0
0.0
0.0
0.0
0.0
0.0
0.0
0.0
0.0
0.0
0.0
0.0
0.0
0.0
0.0
0.0
0.0
0.0
0.0
0.0
0.0
0.0
0.0
0.0
0.0
0.0
0.0
0.0
0.0
0.0
0.0
0.0
0.0
0.0
0.0
0.0
0.0
0.0
0.0
0.0
0.0
0.0
0.0
0.0
0.0
0.0
0.0
0.0
0.0
0.0
0.0
0.0
0.0
0.0
0.0
0.0
0.0
0.0
0.0
0.0
0.0
0.0
0.0
0.0
0.0
0.0
0.0
0.0
0.0
0.0
0.0
0.0
0.0
0.0
0.0
0.0
0.0
0.0
0.0
0.0
0.0
0.0
0.0
0.0
0.0
0.0
0.0
0.0
0.0
0.0
0.0
0.0
0.0
0.0
0.0
0.0
0.0
0.0
0.0
0.0
0.0
0.0
0.0
0.0
0.0
0.0
0.0
0.0
0.0
0.0
0.0
0.0
0.0
0.0
0.0
0.0
0.0
0.0
0.0
0.0
0.0
0.0
0.0
0.0
0.0
0.0
0.0
0.0
0.0
0.0
0.0
0.0
0.0
0.0
0.0
0.0
0.0
0.0
0.0
0.0
0.0
0.0
0.0
0.0
0.0
0.0
0.0
0.0
0.0
0.0
0.0
0.0
0.0
0.0
0.0
0.0
0.0
0.0
0.0
0.0
0.0
0.0
0.0
0.0
0.0
0.0
0.0
0.0
0.0
0.0
0.0
0.0
0.0
0.0
0.0
0.0
0.0
0.0
0.0
0.0
0.0
0.0
0.0
0.0
0.0
0.0
0.0
0.0
0.0
0.0
0.0
0.0
0.0
0.0
0.0
0.0
0.0
0.0
0.0
0.0
0.0
0.0
0.0
0.0
0.0
0.0
0.0
0.0
0.0
0.0
0.0
0.0
0.0
0.0
0.0
0.0
0.0
0.0
0.0
0.0
0.0
0.0
0.0
0.0
0.0
0.0
0.0
0.0
0.0
0.0
0.0
0.0
0.0
0.0
0.0
0.0
0.0
0.0
0.0
0.0
0.0
0.0
0.0
0.0
0.0
0.0
0.0
0.0
0.0
0.0
0.0
0.0
0.0
0.0
0.0
0.0
0.0
0.0
0.0
0.0
0.0
0.0
0.0
0.0
0.0
0.0
0.0
0.0
0.0
0.0
0.0
0.0
0.0
0.0
0.0
0.0
0.0
0.0
0.0
0.0
0.0
0.0
0.0
0.0
0.0
0.0
0.0
0.0
0.0
0.0
0.0
0.0
0.0
0.0
0.0
0.0
0.0
0.0
0.0
0.0
0.0
0.0
0.0
0.0
0.0
0.0
0.0
0.0
0.0
0.0
0.0
0.0
0.0
0.0
0.0
0.0
0.0
0.0
0.0
0.0
0.0
0.0
0.0
0.0
0.0
0.0
0.0
0.0
0.0
0.0
0.0
0.0
0.0
0.0
0.0
0.0
0.0
0.0
0.0
0.0
0.0
0.0
0.0
0.0
0.0
0.0
0.0
0.0
0.0
0.0
0.0
0.0
0.0
0.0
0.0
0.0
0.0
0.0
0.0
0.0
0.0
0.0
0.0
0.0
0.0
0.0
0.0
0.0
0.0
0.0
0.0
0.0
0.0
0.0
0.0
0.0
0.0
0.0
0.0
0.0
0.0
0.0
0.0
0.0
0.0
0.0
0.0
0.0
0.0
0.0
0.0
0.0
0.0
0.0
0.0
0.0
0.0
0.0
0.0
0.0
0.0
0.0
0.0
0.0
0.0
0.0
0.0
0.0
0.0
0.0
0.0
0.0
0.0
0.0
0.0
0.0
0.0
0.0
0.0
0.0
0.0
0.0
0.0
0.0
0.0
0.0
0.0
0.0
0.0
0.0
0.0
0.0
0.0
0.0
0.0
0.0
0.0
0.0
0.0
0.0
0.0
0.0
0.0
0.0
0.0
0.0
0.0
0.0
0.0
0.0
0.0
0.0
0.0
0.0
0.0
0.0
0.0
0.0
0.0
0.0
0.0
0.0
0.0
0.0
0.0
0.0
0.0
0.0
0.0
0.0
0.0
0.0
0.0
0.0
0.0
0.0
0.0
0.0
0.0
0.0
0.0
0.0
0.0
0.0
0.0
0.0
0.0
0.0
0.0
0.0
0.0
0.0
0.0
0.0
0.0
0.0
0.0
0.0
0.0
0.0
0.0
0.0
0.0
0.0
0.0
0.0
0.0
0.0
0.0
0.0
0.0
0.0
0.0
0.0
0.0
0.0
0.0
0.0
0.0
0.0
0.0
0.0
0.0
0.0
0.0
0.0
0.0
0.0
0.0
0.0
0.0
0.0
0.0
0.0
0.0
0.0
0.0
0.0
0.0
0.0
0.0
0.0
0.0
0.0
0.0
0.0
0.0
0.0
0.0
0.0
0.0
0.0
0.0
0.0
0.0
0.0
0.0
0.0
0.0
0.0
0.0
0.0
0.0
0.0
0.0
0.0
0.0
0.0
0.0
0.0
0.0
0.0
0.0
0.0
0.0
0.0
0.0
0.0
0.0
0.0
0.0
0.0
0.0
0.0
0.0
0.0
0.0
0.0
0.0
0.0
0.0
0.0
0.0
0.0
0.0
0.0
0.0
0.0
0.0
0.0
0.0
0.0
0.0
0.0
0.0
0.0
0.0
0.0
0.0
0.0
0.0
0.0
0.0
0.0
0.0
0.0
0.0
0.0
0.0
0.0
0.0
0.0
0.0
0.0
0.0
0.0
0.0
0.0
0.0
0.0
0.0
0.0
0.0
0.0
0.0
0.0
0.0
0.0
0.0
0.0
0.0
0.0
0.0
0.0
0.0
0.0
0.0
0.0
0.0
0.0
0.0
0.0
0.0
0.0
0.0
0.0
0.0
0.0
0.0
0.0
0.0
0.0
0.0
0.0
0.0
0.0
0.0
0.0
0.0
0.0
0.0
0.0
0.0
0.0
0.0
0.0
0.0
0.0
0.0
0.0
0.0
0.0
0.0
0.0
0.0
0.0
0.0
0.0
0.0
0.0
0.0
0.0
0.0
0.0
0.0
0.0
0.0
0.0
0.0
0.0
0.0
0.0
0.0
0.0
0.0
0.0
0.0
0.0
0.0
0.0
0.0
0.0
0.0
0.0
0.0
0.0
0.0
0.0
0.0
0.0
0.0
0.0
0.0
0.0
0.0
0.0
0.0
0.0
0.0
0.0
0.0
0.0
0.0
0.0
0.0
0.0
0.0
0.0
0.0
0.0
0.0
0.0
0.0
0.0
0.0
0.0
0.0
0.0
0.0
0.0
0.0
0.0
0.0
0.0
0.0
0.0
0.0
0.0
0.0
0.0
0.0
0.0
0.0
0.0
0.0
0.0
0.0
0.0
0.0
0.0
0.0
0.0
0.0
0.0
0.0
0.0
0.0
0.0
0.0
0.0
0.0
0.0
0.0
0.0
0.0
0.0
0.0
0.0
0.0
0.0
0.0
0.0
0.0
0.0
0.0
0.0
0.0
0.0
0.0
0.0
0.0
0.0
0.0
0.0
0.0
0.0
0.0
0.0
0.0
0.0
0.0
0.0
0.0
0.0
0.0
0.0
0.0
0.0
0.0
0.0
0.0
0.0
0.0
0.0
0.0
0.0
0.0
0.0
0.0
0.0
0.0
0.0
0.0
0.0
0.0
0.0
0.0
0.0
0.0
0.0
0.0
0.0
0.0
0.0
0.0
0.0
0.0
0.0
0.0
0.0
0.0
0.0
0.0
0.0
0.0
0.0
0.0
0.0
0.0
0.0
0.0
0.0
0.0
0.0
0.0
0.0
0.0
0.0
0.0
0.0
0.0
0.0
0.0
0.0
0.0
0.0
0.0
0.0
0.0
0.0
0.0
0.0
0.0
0.0
0.0
0.0
0.0
0.0
0.0
0.0
0.0
0.0
0.0
0.0
0.0
0.0
0.0
0.0
0.0
0.0
0.0
0.0
0.0
0.0
0.0
0.0
0.0
0.0
0.0
0.0
0.0
0.0
0.0
0.0
0.0
0.0
0.0
0.0
0.0
0.0
0.0
0.0
0.0
0.0
0.0
0.0
0.0
0.0
0.0
0.0
0.0
0.0
0.0
0.0
0.0
0.0
0.0
0.0
0.0
0.0
0.0
0.0
0.0
0.0
0.0
0.0
0.0
0.0
0.0
0.0
0.0
0.0
0.0
0.0
0.0
0.0
0.0
0.0
0.0
0.0
0.0
0.0
0.0
0.0
0.0
0.0
0.0
0.0
0.0
0.0
0.0
0.0
0.0
0.0
0.0
0.0
0.0
0.0
0.0
0.0
0.0
0.0
0.0
0.0
0.0
0.0
0.0
0.0
0.0
0.0
0.0
0.0
0.0
0.0
0.0
0.0
0.0
0.0
0.0
0.0
0.0
0.0
0.0
0.0
0.0
0.0
0.0
0.0
0.0
0.0
0.0
0.0
0.0
0.0
0.0
0.0
0.0
0.0
0.0
0.0
0.0
0.0
0.0
0.0
0.0
0.0
0.0
0.0
0.0
0.0
0.0
0.0
0.0
0.0
0.0
0.0
0.0
0.0
0.0
0.0
0.0
0.0
0.0
0.0
0.0
0.0
0.0
0.0
0.0
0.0
0.0
0.0
0.0
0.0
0.0
0.0
0.0
0.0
0.0
0.0
0.0
0.0
0.0
0.0
0.0
0.0
0.0
0.0
0.0
0.0
0.0
0.0
0.0
0.0
0.0
0.0
0.0
0.0
0.0
0.0
0.0
0.0
0.0
0.0
0.0
0.0
0.0
0.0
0.0
0.0
0.0
0.0
0.0
0.0
0.0
0.0
0.0
0.0
0.0
0.0
0.0
0.0
0.0
0.0
0.0
0.0
0.0
0.0
0.0
0.0
0.0
0.0
0.0
0.0
0.0
0.0
0.0
0.0
0.0
0.0
0.0
0.0
0.0
0.0
0.0
0.0
0.0
0.0
0.0
0.0
0.0
0.0
0.0
0.0
0.0
0.0
0.0
0.0
0.0
0.0
0.0
0.0
0.0
0.0
0.0
0.0
0.0
0.0
0.0
0.0
0.0
0.0
0.0
0.0
0.0
0.0
0.0
0.0
0.0
0.0
0.0
0.0
0.0
0.0
0.0
0.0
0.0
0.0
0.0
0.0
0.0
0.0
0.0
0.0
0.0
0.0
0.0
0.0
0.0
0.0
0.0
0.0
0.0
0.0
0.0
0.0
0.0
0.0
0.0
0.0
0.0
0.0
0.0
0.0
0.0
0.0
0.0
0.0
0.0
0.0
0.0
0.0
0.0
0.0
0.0
0.0
0.0
0.0
0.0
0.0
0.0
0.0
0.0
0.0
0.0
0.0
0.0
0.0
0.0
0.0
0.0
0.0
0.0
0.0
0.0
0.0
0.0
0.0
0.0
0.0
0.0
0.0
0.0
0.0
0.0
0.0
0.0
0.0
0.0
0.0
0.0
0.0
0.0
0.0
0.0
0.0
0.0
0.0
0.0
0.0
0.0
0.0
0.0
0.0
0.0
0.0
0.0
0.0
0.0
0.0
0.0
0.0
0.0
0.0
0.0
0.0
0.0
0.0
0.0
0.0
0.0
0.0
0.0
0.0
0.0
0.0
0.0
0.0
0.0
0.0
0.0
0.0
0.0
0.0
0.0
0.0
0.0
0.0
0.0
0.0
0.0
0.0
0.0
0.0
0.0
0.0
0.0
0.0
0.0
0.0
0.0
0.0
0.0
0.0
0.0
0.0
0.0
0.0
0.0
0.0
0.0
0.0
0.0
0.0
0.0
0.0
0.0
0.0
0.0
0.0
0.0
0.0
0.0
0.0
0.0
0.0
0.0
0.0
0.0
0.0
0.0
0.0
0.0
0.0
0.0
0.0
0.0
0.0
0.0
0.0
0.0
0.0
0.0
0.0
0.0
0.0
0.0
0.0
0.0
0.0
0.0
0.0
0.0
0.0
0.0
0.0
0.0
0.0
0.0
0.0
0.0
0.0
0.0
0.0
0.0
0.0
0.0
0.0
0.0
0.0
0.0
0.0
0.0
0.0
0.0
0.0
0.0
0.0
0.0
0.0
0.0
0.0
0.0
0.0
0.0
0.0
0.0
0.0
0.0
0.0
0.0
0.0
0.0
0.0
0.0
0.0
0.0
0.0
0.0
0.0
0.0
0.0
0.0
0.0
0.0
0.0
0.0
0.0
0.0
0.0
0.0
0.0
0.0
0.0
0.0
0.0
0.0
0.0
0.0
0.0
0.0
0.0
0.0
0.0
0.0
0.0
0.0
0.0
0.0
0.0
0.0
0.0
0.0
0.0
0.0
0.0
0.0
0.0
0.0
0.0
0.0
0.0
0.0
0.0
0.0
0.0
0.0
0.0
0.0
0.0
0.0
0.0
0.0
0.0
0.0
0.0
0.0
0.0
0.0
0.0
0.0
0.0
0.0
0.0
0.0
0.0
0.0
0.0
0.0
0.0
0.0
0.0
0.0
0.0
0.0
0.0
0.0
0.0
0.0
0.0
0.0
0.0
0.0
0.0
0.0
0.0
0.0
0.0
0.0
0.0
0.0
0.0
0.0
0.0
0.0
0.0
0.0
0.0
0.0
0.0
0.0
0.0
0.0
0.0
0.0
0.0
0.0
0.0
0.0
0.0
0.0
0.0
0.0
0.0
0.0
0.0
0.0
0.0
0.0
0.0
0.0
0.0
0.0
0.0
0.0
0.0
0.0
0.0
0.0
0.0
0.0
0.0
0.0
0.0
0.0
0.0
0.0
0.0
0.0
0.0
0.0
0.0
0.0
0.0
0.0
0.0
0.0
0.0
0.0
0.0
0.0
0.0
0.0
0.0
0.0
0.0
0.0
0.0
0.0
0.0
0.0
0.0
0.0
0.0
0.0
0.0
0.0
0.0
0.0
0.0
0.0
0.0
0.0
0.0
0.0
0.0
0.0
0.0
0.0
0.0
0.0
0.0
0.0
0.0
0.0
0.0
0.0
0.0
0.0
0.0
0.0
0.0
0.0
0.0
0.0
0.0
0.0
0.0
0.0
0.0
0.0
0.0
0.0
0.0
0.0
0.0
0.0
0.0
0.0
0.0
0.0
0.0
0.0
0.0
0.0
0.0
0.0
0.0
0.0
0.0
0.0
0.0
0.0
0.0
0.0
0.0
0.0
0.0
0.0
0.0
0.0
0.0
0.0
0.0
0.0
0.0
0.0
0.0
0.0
0.0
0.0
0.0
0.0
0.0
0.0
0.0
0.0
0.0
0.0
0.0
0.0
0.0
0.0
0.0
0.0
0.0
0.0
0.0
0.0
0.0
0.0
0.0
0.0
0.0
0.0
0.0
0.0
0.0
0.0
0.0
0.0
0.0
0.0
0.0
0.0
0.0
0.0
0.0
0.0
0.0
0.0
0.0
0.0
0.0
0.0
0.0
0.0
0.0
0.0
0.0
0.0
0.0
0.0
0.0
0.0
0.0
0.0
0.0
0.0
0.0
0.0
0.0
0.0
0.0
0.0
0.0
0.0
0.0
0.0
0.0
0.0
0.0
0.0
0.0
0.0
0.0
0.0
0.0
0.0
0.0
0.0
0.0
0.0
0.0
0.0
0.0
0.0
0.0
0.0
0.0
0.0
0.0
0.0
0.0
0.0
0.0
0.0
0.0
0.0
0.0
0.0
0.0
0.0
0.0
0.0
0.0
0.0
0.0
0.0
0.0
0.0
0.0
0.0
0.0
0.0
0.0
0.0
0.0
0.0
0.0
0.0
0.0
0.0
0.0
0.0
0.0
0.0
0.0
0.0
0.0
0.0
0.0
0.0
0.0
0.0
0.0
0.0
0.0
0.0
0.0
0.0
0.0
0.0
0.0
0.0
0.0
0.0
0.0
0.0
0.0
0.0
0.0
0.0
0.0
0.0
0.0
0.0
0.0
0.0
0.0
0.0
0.0
0.0
0.0
0.0
0.0
0.0
0.0
0.0
0.0
0.0
0.0
0.0
0.0
0.0
0.0
0.0
0.0
0.0
0.0
0.0
0.0
0.0
0.0
0.0
0.0
0.0
0.0
0.0
0.0
0.0
0.0
0.0
0.0
0.0
0.0
0.0
0.0
0.0
0.0
0.0
0.0
0.0
0.0
0.0
0.0
0.0
0.0
0.0
0.0
0.0
0.0
0.0
0.0
0.0
0.0
0.0
0.0
0.0
0.0
0.0
0.0
0.0
0.0
0.0
0.0
0.0
0.0
0.0
0.0
0.0
0.0
0.0
0.0
0.0
0.0
0.0
0.0
0.0
0.0
0.0
0.0
0.0
0.0
0.0
0.0
0.0
0.0
0.0
0.0
0.0
0.0
0.0
0.0
0.0
